/Inter1
-0.00011379873484100622;-0.7947054787108312;0.00036873830188629593;0.45902723815129226;-0.00046412665914143114;-0.31706310032855217;0.000178926638172598
/ObjP1
-0.6509238038580641;-0.7317722225148693;0.07366532470103364;1.4126328150293288;-0.05850193514645995;-0.999316377823611;-0.5644046553472145
/ObjP2
-0.09574969065861329;-0.5269800126562908;0.12427792210640443;1.7794094033123227;-0.08379548492480932;-0.8403096009910777;0.06779074469447242
/ObjP3
0.5000529850524489;-0.736229174984681;0.16221149443242114;1.4126833385941249;-0.12898578406451708;-1.003039626841998;0.6903568419963131
/P1
-0.7269052795639187;-1.037245035968286;0.14617058400032734;1.366920966625912;-0.1848916015009467;-0.7507027715826132;-0.5162675852621906
/P2
-0.3169905919436556;-0.8818252614698846;0.10014913183424705;1.7411961263112627;-0.15426904233686053;-0.5262109213317798;-0.11952850136744884
/P3
0.19864070973072995;-0.8798380230464449;0.056798583573970364;1.7412141239961239;-0.0876990376649298;-0.5229977757362766;0.3108851229407829
/P4
0.6151233905096023;-1.0318311221837293;0.03417954355758782;1.3669760059573217;-0.04334314037141921;-0.7435109720256564;0.6645854841026622
/Inter2
0.00011379873484100622;0.7947054787108312;-0.00036873830188629593;-0.45902723815129226;0.00046412665914143114;0.31706310032855217;-0.000178926638172598
/ObjC1
0.6509238038580641;0.7317722225148693;-0.07366532470103364;-1.4126328150293288;0.05850193514645995;0.999316377823611;0.5644046553472145
/ObjC2
0.09574969065861329;0.5269800126562908;-0.12427792210640443;-1.7794094033123227;0.08379548492480932;0.8403096009910777;-0.06779074469447242
/ObjC3
-0.5000529850524489;0.736229174984681;-0.16221149443242114;-1.4126833385941249;0.12898578406451708;1.003039626841998;-0.6903568419963131
/C1
0.7269052795639187;1.037245035968286;-0.14617058400032734;-1.366920966625912;0.1848916015009467;0.7507027715826132;0.5162675852621906
/C2
0.3169905919436556;0.8818252614698846;-0.10014913183424705;-1.7411961263112627;0.15426904233686053;0.5262109213317798;0.11952850136744884
/C3
-0.19864070973072995;0.8798380230464449;-0.056798583573970364;-1.7412141239961239;0.0876990376649298;0.5229977757362766;-0.3108851229407829
/C4
-0.6151233905096023;1.0318311221837293;-0.03417954355758782;-1.3669760059573217;0.04334314037141921;0.7435109720256564;-0.6645854841026622
